R^2= 0.70647 

                                                 Estimate   Std. Error     t value     Pr(>|t|)
(Intercept)                                    17.1395391 12.221395468   1.4024208 1.607896e-01
stationnameDiadema                             -0.7397742  1.105842933  -0.6689686 5.035155e-01
stationnameIbirapuera                          16.3272393  0.915839196  17.8276267 4.313470e-71
stationnameIPEN                                21.4061505  1.061844822  20.1593962 2.225813e-90
stationnameMaua                                 7.5397485  1.497350380   5.0353936 4.768680e-07
stationnameMooca                                7.9178622  0.905777961   8.7415045 2.300263e-18
stationnameNossa Senhora do O                   2.0352427  1.157337958   1.7585552 7.865308e-02
stationnameParelheiros                         -6.7715917  1.472097903  -4.5999602 4.225717e-06
stationnamePinheiros                           -2.4359769  1.091705340  -2.2313502 2.565794e-02
stationnameSantana                              8.5810905  0.997172417   8.6054231 7.603578e-18
stationnameSanto Andre 1                        9.4383190  1.624081795   5.8114801 6.192290e-09
stationnameSao Caetano do Sul                  23.9471467  1.254923092  19.0825612 3.525518e-81
share_gas                                     -16.6533484  4.425271636  -3.7632376 1.677277e-04
rd                                              0.0417007  0.003642263  11.4491180 2.375501e-30
tp                                              3.0946668  0.215138114  14.3845586 6.468954e-47
hm                                             -0.4911915  0.063127908  -7.7808925 7.201465e-15
ws                                            -13.1478767  1.054138891 -12.4726227 1.053022e-35
week2                                           2.3441134  4.762599462   0.4921920 6.225836e-01
week3                                           3.3541034  4.359902089   0.7693070 4.417111e-01
week4                                           3.9475713  4.634564771   0.8517674 3.943432e-01
week5                                           7.2380133  4.912523516   1.4733799 1.406486e-01
week6                                           4.3585788  4.597721516   0.9479867 3.431362e-01
week7                                           4.7181982  4.188337283   1.1265087 2.599503e-01
week8                                          13.4686430  4.606638200   2.9237467 3.458461e-03
week9                                           8.8271347  4.923018479   1.7930330 7.296764e-02
week10                                          9.8586822  4.616351538   2.1356004 3.271200e-02
week11                                          7.6228113  4.255489407   1.7912890 7.324693e-02
week12                                          2.4024671  4.181966439   0.5744826 5.656412e-01
week13                                          4.6370369  4.154390262   1.1161775 2.643462e-01
week14                                          2.4905960  4.375258906   0.5692454 5.691896e-01
week15                                         -0.5110545  4.441274055  -0.1150693 9.083902e-01
week16                                          5.6582283  4.160742179   1.3599084 1.738589e-01
week17                                          3.3226221  4.472395901   0.7429177 4.575315e-01
week18                                         10.2585978  4.696268034   2.1844149 2.893178e-02
week19                                          3.5291051  4.565067704   0.7730674 4.394825e-01
week20                                          5.7144959  4.741567028   1.2051914 2.281294e-01
week21                                         -3.4506143  4.507826426  -0.7654719 4.439906e-01
week22                                         -2.4473365  5.057360440  -0.4839158 6.284456e-01
week40                                         22.7188032  5.142814972   4.4175813 9.981154e-06
week41                                         23.8318055  4.459374350   5.3442038 9.081532e-08
week42                                         21.3215534  4.236305836   5.0330534 4.827286e-07
week43                                         20.2359381  4.490579416   4.5063089 6.596503e-06
week44                                         20.9746320  4.531367177   4.6287646 3.678536e-06
week45                                         19.8068147  5.227977161   3.7886192 1.514869e-04
week46                                          8.9046967  4.253697897   2.0934013 3.631335e-02
week47                                         11.5160884  4.183685287   2.7526182 5.912080e-03
week48                                         11.5082046  4.149253837   2.7735600 5.544661e-03
week49                                         11.6896553  4.251473821   2.7495536 5.967650e-03
week50                                         11.9815295  4.187154616   2.8614968 4.216458e-03
week51                                         12.7209531  4.673995742   2.7216441 6.495805e-03
week52                                          5.7345241  3.243525810   1.7679909 7.706243e-02
dv_publicholiday                               -0.5793286  2.298008889  -0.2521002 8.009636e-01
dv_ti_0to199m_9am                               0.9174506  2.264807456   0.4050899 6.854114e-01
dv_ti_200to499m_9am                             3.7765606  1.203105369   3.1390107 1.695193e-03
dv_beltway_open                                 6.6158967  2.063268361   3.2065130 1.343543e-03
trend                                          -0.1287726  0.762009382  -0.1689908 8.658039e-01
dv_mon_reg                                    -13.1586713  3.351011246  -3.9267762 8.609201e-05
dv_tue_reg                                    -13.2551695  3.277961030  -4.0437240 5.260886e-05
dv_wed_reg                                    -12.0601096  3.264350454  -3.6944899 2.203287e-04
dv_thu_reg                                    -14.2029687  3.264995975  -4.3500723 1.360926e-05
dv_fri_reg                                    -12.5653792  3.413016994  -3.6816047 2.317706e-04
dv_sat_reg                                     -0.8655176  1.803742497  -0.4798454 6.313373e-01
dv_sun_vac                                      7.8866800  6.534051502   1.2070122 2.274274e-01
dv_sat_vac                                      4.5727286  5.283352300   0.8654976 3.867657e-01
dv_week_vac                                    -3.2156847  4.161166847  -0.7727844 4.396500e-01
dv_kmregion_am_0_4                              1.2946844  1.192159658   1.0859992 2.774794e-01
dv_kmregion_am_4_11                            -0.7194348  1.001610313  -0.7182782 4.725858e-01
dv_kmregion_am_11_18                           -0.6226746  0.877609231  -0.7095124 4.780065e-01
dv_kmcity_am_0_20                              -8.8336960  3.322493301  -2.6587551 7.842995e-03
dv_kmcity_am_20_50                             -6.1614241  2.010599677  -3.0644708 2.180554e-03
dv_kmcity_am_50_80                             -1.0650476  1.574213639  -0.6765585 4.986861e-01
dv_pp_0_0                                       1.8090766  3.676038692   0.4921266 6.226298e-01
dv_pp_0_5                                      -0.6564932  3.675197400  -0.1786280 8.582298e-01
dv_pp_5_20                                      0.6348179  3.969977012   0.1599047 8.729562e-01
stationnameDiadema:trend                        0.1050741  0.655908334   0.1601963 8.727264e-01
stationnameIbirapuera:trend                     1.6177262  0.532474846   3.0381270 2.380536e-03
stationnameIPEN:trend                          -4.3236177  0.624842111  -6.9195363 4.531243e-12
stationnameMaua:trend                           1.8923111  0.820176399   2.3072002 2.104366e-02
stationnameMooca:trend                          2.6253348  0.570585854   4.6011214 4.202224e-06
stationnameNossa Senhora do O:trend             3.2889342  0.527822144   6.2311409 4.630503e-10
stationnameParelheiros:trend                    1.4919170  0.790355798   1.8876523 5.907264e-02
stationnamePinheiros:trend                     -2.0212898  0.611560391  -3.3051352 9.493061e-04
stationnameSantana:trend                        1.7190971  0.421069002   4.0826969 4.451606e-05
stationnameSanto Andre 1:trend                  2.0879770  0.766251377   2.7249243 6.431622e-03
stationnameSao Caetano do Sul:trend            -6.2680728  0.626270979 -10.0085633 1.397674e-23
stationnameDiadema:dv_beltway_open              7.6752188  1.850284941   4.1481280 3.352049e-05
stationnameIbirapuera:dv_beltway_open           8.4031310  1.564815113   5.3700472 7.871603e-08
stationnameIPEN:dv_beltway_open                13.1112550  1.769072226   7.4113735 1.249980e-13
stationnameMaua:dv_beltway_open                 2.2975025  2.392930507   0.9601209 3.369944e-01
stationnameMooca:dv_beltway_open               -9.7914338  1.658639178  -5.9032934 3.563157e-09
stationnameNossa Senhora do O:dv_beltway_open  -9.7011208  1.588829976  -6.1058269 1.022698e-09
stationnameParelheiros:dv_beltway_open          2.4196911  2.392163940   1.0115072 3.117737e-01
stationnamePinheiros:dv_beltway_open           12.3796981  1.827914832   6.7725793 1.265064e-11
stationnameSantana:dv_beltway_open             -8.5778590  1.274234355  -6.7317750 1.676057e-11
stationnameSanto Andre 1:dv_beltway_open       -5.7521399  2.127296312  -2.7039674 6.851701e-03
stationnameSao Caetano do Sul:dv_beltway_open  16.0111802  1.929611773   8.2976174 1.062201e-16


